[  1.   3.   4.   5.   6.   7.   8.  10.  11.  11.]

[ 9.  9.  7.  6.  6.  5.  3.  3.  2.  1.]

[ 1.  1.  2.  3.  4.  5.  6.  7.  7.  8.]

[ 18.  16.  14.  12.  11.   9.   7.   5.   3.   2.]

[ 14.  13.  11.   9.   8.   7.   5.   4.   3.   1.]

[ 11.  10.   9.   8.   7.   5.   4.   3.   2.   1.]

[  0.   2.   2.   4.   5.   6.   7.   8.   9.  10.]

[  0.   2.   2.   4.   5.   6.   7.   8.   9.  10.]

[  0.   2.   3.   4.   5.   6.   7.   8.   9.  10.]

[ 13.  12.  10.   9.   8.   6.   5.   4.   2.   1.]

[ 1.  2.  3.  3.  4.  5.  6.  7.  7.  8.]

[ 24.  22.  20.  17.  14.  12.  11.   7.   5.   1.]

[ 12.  11.   9.   8.   7.   6.   4.   3.   2.   1.]

[  0.   1.   2.   3.   5.   5.   7.   7.   8.  10.]

[ 11.  10.   8.   7.   7.   5.   4.   3.   2.   1.]

[  0.   1.   2.   3.   5.   6.   7.   7.   9.  10.]

[ 16.  15.  13.  11.  10.   8.   6.   4.   3.   1.]

[  0.   2.   3.   4.   5.   6.   8.   8.  10.  11.]

[  0.   2.   2.   4.   5.   6.   7.   8.   9.  10.]

[  1.   2.   3.   4.   5.   6.   7.   9.  10.  11.]

[ 8.  7.  6.  5.  5.  4.  3.  3.  2.  1.]

[ 4.  4.  4.  4.  4.  4.  4.  5.  4.  4.]

[  1.   2.   4.   5.   6.   7.   8.  10.  11.  12.]

[ 3.  3.  3.  3.  4.  4.  4.  5.  5.  6.]

[ 12.  11.  10.   8.   7.   6.   4.   3.   3.   1.]

[  0.   2.   2.   4.   5.   6.   7.   8.   9.  10.]

[  0.   2.   2.   4.   5.   6.   7.   8.   9.  11.]

[ 12.  11.  10.   8.   7.   6.   5.   3.   2.   1.]

[ 9.  8.  7.  6.  6.  4.  3.  3.  2.  1.]

[ 8.  7.  6.  5.  5.  4.  3.  2.  2.  1.]

[ 11.  10.   9.   8.   7.   5.   4.   3.   2.   1.]

[ 7.  6.  6.  5.  4.  3.  3.  2.  1.  1.]

[  1.   2.   3.   4.   5.   6.   7.   8.   9.  10.]

[ 8.  7.  6.  5.  5.  4.  3.  3.  2.  1.]

[ -0.   1.   2.   3.   5.   5.   7.   7.   8.  10.]

[ 1.  2.  2.  3.  4.  5.  5.  6.  7.  7.]

[ 3.  3.  3.  4.  4.  5.  5.  6.  6.  6.]

[ -0.   1.   2.   3.   5.   6.   7.   7.   9.  10.]

[ 18.  16.  15.  13.  11.   9.   8.   5.   3.   1.]

[  1.   2.   4.   5.   6.   7.   8.  10.  10.  11.]

[  0.   2.   2.   4.   5.   6.   7.   8.   9.  10.]

[ 3.  3.  3.  3.  4.  4.  4.  5.  5.  5.]

[  0.   2.   3.   4.   5.   6.   7.   8.   9.  10.]

[ 11.  11.   9.   8.   7.   5.   4.   3.   2.   1.]

[  1.   2.   3.   4.   5.   7.   8.   9.  10.  11.]

[ -0.   1.   2.   3.   5.   5.   7.   7.   8.  10.]

[ 15.  14.  12.  10.   9.   7.   6.   4.   3.   1.]

[ 8.  8.  7.  6.  5.  4.  3.  3.  2.  1.]

[ 13.  12.  11.  10.   8.   7.   6.   3.   2.   1.]

[  0.   1.   2.   3.   5.   5.   7.   7.   9.  10.]

[ 21.  19.  18.  14.  12.  10.   9.   6.   4.   1.]

[  0.   2.   2.   4.   5.   6.   7.   8.   9.  10.]

[  0.   2.   3.   4.   5.   6.   7.   8.   9.  10.]

[  1.   2.   3.   4.   5.   7.   8.   9.  10.  10.]

[ 6.  6.  5.  5.  5.  4.  3.  3.  2.  2.]

[  1.   2.   3.   4.   5.   6.   7.   9.   9.  10.]

[ 1.  2.  3.  4.  5.  6.  7.  8.  8.  9.]

[ 0.  1.  2.  3.  4.  5.  6.  7.  8.  9.]

[ 16.  14.  13.  11.   9.   8.   6.   4.   3.   1.]

[  0.   2.   2.   4.   5.   6.   7.   8.   9.  10.]

[ 6.  5.  5.  4.  4.  3.  3.  3.  2.  1.]

[ 13.  12.  11.   9.   8.   7.   5.   4.   3.   1.]

[ 3.  3.  4.  4.  4.  5.  5.  6.  5.  5.]

[ 10.   9.   8.   7.   6.   5.   4.   3.   2.   1.]

[  0.   1.   2.   3.   5.   6.   7.   7.   9.  10.]

[  0.   2.   2.   4.   5.   6.   7.   8.   9.  10.]

[ 7.  6.  6.  5.  5.  4.  3.  3.  2.  1.]

[ 18.  16.  15.  13.  11.   9.   8.   5.   3.   1.]

[ -0.   2.   2.   4.   5.   6.   7.   8.   9.  11.]

[ 10.   9.   8.   6.   6.   5.   3.   3.   2.   1.]

[ 14.  13.  11.   9.   8.   7.   5.   4.   3.   1.]

[  1.   2.   3.   5.   5.   7.   8.   9.  10.  11.]

[ 8.  7.  6.  5.  5.  4.  3.  3.  2.  1.]

[ 13.  11.  10.   9.   8.   6.   5.   4.   2.   1.]

[ 12.  11.   9.   8.   7.   6.   4.   3.   3.   1.]

[ 4.  4.  4.  4.  4.  4.  4.  5.  4.  4.]

[  1.   2.   3.   4.   5.   6.   7.   9.  10.  11.]

[ 10.   9.   8.   7.   6.   5.   4.   3.   2.   1.]

[  0.   2.   3.   4.   5.   6.   7.   8.   9.  11.]

[ 1.  1.  2.  3.  3.  4.  5.  6.  6.  7.]

[ 7.  6.  5.  4.  4.  3.  3.  2.  1.  1.]

[ 11.   9.   8.   7.   6.   5.   4.   3.   2.   1.]

[  0.   2.   2.   4.   5.   6.   7.   8.   9.  10.]

[  0.   2.   2.   4.   5.   6.   7.   8.   9.  10.]

[ 1.  1.  2.  3.  4.  4.  5.  6.  6.  7.]

[  0.   2.   2.   4.   5.   6.   7.   8.   9.  10.]

[ 11.  10.   9.   8.   7.   5.   5.   3.   2.   1.]

[ -0.   1.   2.   3.   5.   5.   7.   7.   9.  10.]

[  1.   2.   3.   5.   6.   7.   8.  10.  11.  11.]

[  0.   2.   3.   4.   5.   7.   8.   9.  10.  11.]

[ 13.  12.  11.   9.   8.   6.   6.   4.   3.   1.]

[  2.   3.   4.   5.   6.   8.   8.  11.  11.  11.]

[ 10.   9.   8.   7.   6.   5.   4.   3.   2.   1.]

[ -0.   1.   2.   3.   5.   5.   7.   7.   8.  10.]

[ 14.  12.  11.  10.   8.   7.   6.   4.   3.   1.]

[ 12.  11.  10.   8.   7.   6.   5.   4.   3.   1.]

[ 12.  11.   9.   8.   7.   6.   4.   3.   2.   1.]

[  0.   1.   2.   3.   5.   5.   7.   7.   8.  10.]

[ 5.  5.  5.  4.  4.  3.  3.  3.  3.  3.]

[ 11.   9.   8.   7.   6.   5.   4.   3.   2.   1.]

[ 0.  1.  2.  3.  4.  5.  6.  7.  8.  9.]

[ -0.   1.   2.   3.   5.   5.   7.   7.   8.  10.]

[  0.   2.   3.   4.   5.   6.   7.   8.  10.  10.]

[ 1.  2.  3.  3.  4.  5.  5.  7.  7.  7.]

[ -0.   1.   2.   3.   5.   5.   7.   7.   8.  10.]

[ 12.  11.  10.   8.   8.   6.   4.   3.   3.   1.]

[ 11.  10.   9.   8.   7.   5.   4.   3.   2.   1.]

[ -0.   1.   2.   3.   5.   5.   7.   7.   8.  10.]

[ 15.  13.  12.  10.   9.   7.   5.   4.   3.   1.]

[ 10.   9.   8.   7.   6.   5.   4.   3.   2.   1.]

[ 18.  16.  14.  13.  11.   9.   8.   5.   3.   1.]

[  0.   2.   3.   4.   5.   6.   7.   8.   9.  10.]

[  1.   2.   3.   5.   6.   7.   8.  10.  10.  11.]

[ 0.  1.  2.  3.  4.  5.  6.  7.  8.  9.]

[ 16.  15.  13.  11.  10.   8.   6.   4.   3.   1.]

[ 6.  5.  5.  4.  4.  4.  3.  3.  2.  2.]

[  0.   2.   3.   4.   5.   6.   7.   8.  10.  11.]

[  0.   2.   3.   4.   5.   6.   7.   8.   9.  10.]

[ 12.  11.  10.   9.   7.   6.   5.   3.   2.   1.]

[  1.   2.   3.   4.   5.   7.   7.   9.  10.  10.]

[ 12.  10.   9.   8.   7.   6.   5.   4.   2.   1.]

[ 20.  18.  16.  15.  12.  10.   9.   5.   4.   1.]

[ 2.  2.  3.  3.  3.  4.  4.  6.  5.  6.]

[  0.   2.   3.   4.   5.   6.   7.   8.   9.  11.]

[ 16.  15.  13.  11.  10.   8.   6.   4.   3.   2.]

[ 16.  14.  13.  11.   9.   8.   6.   4.   3.   1.]

[ 19.  18.  16.  14.  12.   9.   8.   5.   4.   1.]

[ 1.  1.  2.  3.  4.  5.  5.  6.  7.  8.]

[ 16.  15.  13.  12.  10.   8.   6.   4.   3.   1.]

[  0.   1.   2.   3.   5.   6.   7.   7.   9.  10.]

[  0.   2.   2.   4.   5.   6.   8.   8.  10.  11.]

[ 11.  10.   9.   8.   7.   6.   5.   3.   2.   1.]

[ 11.  10.   8.   7.   7.   5.   4.   3.   2.   1.]

[ 10.   9.   8.   7.   6.   5.   3.   3.   2.   1.]

[ 16.  14.  13.  11.  10.   8.   6.   4.   3.   1.]

[ 8.  7.  6.  5.  5.  4.  3.  3.  2.  1.]

[ -0.   1.   2.   3.   5.   5.   7.   7.   8.  10.]

[  0.   2.   2.   4.   5.   6.   7.   8.   9.  10.]

[  0.   2.   2.   4.   5.   6.   7.   8.   9.  11.]

[ 10.   9.   8.   7.   6.   5.   4.   3.   2.   1.]

[  1.   2.   4.   5.   6.   7.   8.  10.  10.  11.]

[  1.   2.   3.   4.   6.   7.   8.   9.  10.  11.]

[ 5.  5.  5.  4.  4.  4.  3.  4.  3.  2.]

[  0.   2.   2.   4.   5.   6.   7.   8.   9.  10.]

[  1.   2.   4.   5.   6.   7.   8.  10.  11.  11.]

[  0.   2.   3.   4.   5.   6.   8.   9.  10.  11.]

[ 4.  4.  4.  4.  4.  4.  4.  4.  4.  4.]

[ 18.  17.  15.  12.  11.   9.   7.   5.   4.   2.]

[  0.   2.   2.   4.   5.   6.   8.   8.  10.  11.]

[  1.   2.   3.   4.   5.   6.   7.   9.   9.  10.]

[  1.   2.   3.   4.   6.   7.   8.   9.  10.  11.]

[ 11.  10.   9.   8.   7.   5.   4.   3.   2.   1.]

[  0.   2.   2.   4.   5.   6.   7.   8.   9.  10.]

[ 1.  2.  2.  3.  4.  4.  5.  6.  6.  7.]

[  1.   2.   3.   5.   6.   7.   8.   9.  10.  11.]

[ 9.  9.  7.  6.  6.  5.  3.  3.  2.  1.]

[ 10.   9.   8.   7.   6.   5.   4.   3.   2.   1.]

[ 18.  16.  14.  13.  10.   9.   8.   5.   3.   1.]

[ 1.  2.  2.  3.  3.  4.  4.  6.  5.  6.]

[ 1.  1.  2.  3.  4.  4.  5.  6.  7.  7.]

[ 15.  13.  12.  10.   9.   7.   6.   4.   3.   1.]

[  1.   2.   4.   5.   5.   7.   8.  10.  10.  11.]

[  0.   2.   2.   4.   5.   6.   7.   8.   9.  10.]

[  0.   2.   2.   4.   5.   6.   7.   7.   9.  10.]

[ 9.  8.  7.  6.  6.  5.  4.  3.  2.  1.]

[  1.   2.   3.   4.   6.   7.   8.   9.  10.  11.]

[ 10.   9.   8.   7.   6.   5.   3.   3.   2.   1.]

[ 10.   9.   8.   7.   6.   5.   4.   3.   2.   1.]

[  1.   3.   4.   5.   6.   7.   8.  11.  11.  11.]

[  0.   2.   3.   4.   5.   6.   7.   8.   9.  10.]

[ 16.  15.  13.  11.  10.   8.   6.   4.   3.   1.]

[  0.   1.   2.   3.   5.   5.   7.   7.   8.  10.]

[  0.   2.   3.   4.   5.   6.   7.   8.  10.  11.]

[  1.   2.   3.   4.   5.   6.   7.   8.   9.  10.]

[  0.   2.   3.   4.   5.   6.   7.   8.   9.  10.]

[ 1.  2.  2.  3.  4.  4.  4.  6.  6.  6.]

[ 8.  7.  7.  6.  5.  4.  4.  3.  2.  1.]

[ 1.  2.  2.  3.  4.  4.  5.  6.  7.  7.]

[ 10.   9.   8.   7.   6.   5.   4.   3.   2.   1.]

[ 4.  4.  4.  4.  5.  5.  5.  5.  5.  5.]

[ 21.  18.  17.  14.  12.  10.   9.   6.   4.   1.]

[ 11.  10.   8.   7.   6.   5.   4.   3.   2.   1.]

[ 3.  3.  3.  4.  4.  4.  4.  6.  5.  5.]

[ 1.  2.  2.  2.  3.  4.  4.  5.  5.  6.]

[  1.   2.   3.   4.   5.   7.   8.   9.  10.  11.]

[ 17.  15.  13.  12.  10.   8.   6.   4.   3.   1.]

[  1.   2.   3.   4.   5.   6.   7.   9.  10.  10.]

[ 8.  7.  7.  6.  5.  4.  3.  3.  2.  1.]

[ 5.  5.  4.  4.  5.  4.  3.  4.  4.  4.]

[ 9.  8.  7.  6.  5.  4.  3.  3.  2.  1.]

[ 8.  7.  6.  5.  5.  4.  3.  2.  2.  1.]

[  1.   3.   4.   5.   6.   8.   9.  11.  12.  12.]

[ 6.  5.  5.  4.  4.  3.  3.  2.  1.  1.]

[  1.   2.   4.   5.   6.   7.   8.  10.  10.  11.]

[  0.   1.   2.   3.   5.   5.   7.   7.   8.  10.]

[ 17.  16.  14.  12.  10.   8.   7.   5.   3.   1.]

[ 0.  1.  2.  3.  4.  5.  6.  7.  7.  8.]

[ -0.   1.   2.   4.   5.   6.   7.   8.   9.  10.]

[ -0.   1.   2.   3.   5.   6.   7.   7.   9.  10.]

[ 12.  11.  10.   9.   7.   6.   5.   3.   2.   1.]

[ 1.  2.  2.  3.  4.  5.  5.  6.  7.  8.]

[  1.   2.   3.   4.   5.   7.   8.   9.  10.  11.]

[  1.   2.   3.   4.   5.   6.   7.   9.  10.  10.]

[ 9.  8.  7.  6.  6.  4.  3.  3.  2.  1.]

[ -0.   1.   2.   3.   5.   5.   7.   7.   9.  10.]

[ 19.  17.  16.  13.  11.   9.   8.   5.   4.   1.]

[  0.   2.   2.   4.   5.   6.   7.   8.   9.  10.]

[  1.   2.   3.   5.   6.   7.   8.  10.  11.  12.]

[ 9.  9.  7.  6.  6.  5.  3.  3.  2.  1.]

[ 11.  10.   9.   8.   7.   5.   4.   3.   2.   1.]

[ 12.  11.  10.   9.   7.   6.   5.   4.   2.   1.]

[  1.   2.   3.   4.   5.   6.   7.   8.   9.  10.]

[ 1.  2.  2.  3.  4.  5.  6.  7.  7.  8.]

[  1.   3.   4.   5.   6.   8.   9.  11.  12.  12.]

[ 9.  8.  7.  6.  6.  5.  4.  3.  2.  1.]

[ 11.  10.   8.   7.   7.   5.   4.   3.   2.   1.]

[ -0.   1.   2.   3.   4.   5.   6.   7.   8.  10.]

[  0.   1.   2.   3.   5.   6.   7.   7.   9.  10.]

[ 9.  8.  7.  6.  6.  4.  3.  2.  2.  1.]

[  1.   2.   3.   4.   5.   6.   7.   9.  10.  10.]

[ 13.  12.  11.   9.   8.   7.   5.   4.   3.   1.]

[ 8.  7.  6.  6.  5.  4.  4.  2.  1.  1.]

[ 6.  5.  5.  4.  4.  4.  3.  3.  2.  2.]

[ 13.  12.  10.   9.   8.   6.   5.   3.   2.   1.]

[ 16.  15.  13.  11.  10.   8.   6.   4.   3.   1.]

[  0.   1.   2.   3.   5.   6.   7.   7.   9.  10.]

[ -0.   1.   2.   3.   5.   5.   7.   7.   9.  10.]

[-0.  1.  2.  3.  4.  5.  6.  6.  8.  9.]

[ 2.  2.  2.  3.  3.  4.  4.  5.  5.  5.]

[ 16.  15.  13.  12.  10.   8.   7.   4.   3.   1.]

[  1.   2.   4.   5.   6.   7.   8.  10.  11.  11.]

[  1.   2.   4.   5.   6.   7.   8.  10.  11.  11.]

[ 10.   9.   8.   6.   6.   5.   3.   3.   2.   1.]

[ 6.  6.  5.  4.  4.  3.  2.  2.  2.  1.]

[ 3.  3.  4.  4.  4.  4.  4.  5.  4.  4.]

[  0.   2.   3.   4.   5.   6.   7.   9.  10.  11.]

[ 15.  14.  12.  10.   9.   7.   6.   4.   3.   1.]

[ 8.  8.  7.  6.  5.  4.  3.  3.  2.  1.]

[  1.   2.   3.   4.   5.   7.   8.   9.  10.  11.]

[ 12.  11.  10.   8.   8.   6.   4.   3.   3.   1.]

[ 1.  2.  3.  4.  4.  5.  6.  8.  8.  9.]

[ 3.  3.  4.  4.  4.  4.  4.  5.  5.  5.]

[ 5.  4.  4.  4.  4.  3.  3.  3.  2.  2.]

[  0.   2.   3.   4.   5.   6.   8.   8.  10.  11.]

[-0.  1.  2.  3.  4.  5.  6.  6.  8.  9.]

[  0.   2.   2.   3.   5.   6.   7.   7.   9.  10.]

[ 19.  17.  15.  13.  11.   9.   7.   5.   4.   1.]

[ 5.  5.  5.  4.  4.  4.  4.  4.  4.  3.]

[ 10.   9.   8.   7.   6.   5.   4.   3.   2.   1.]

[ 15.  14.  12.  10.   9.   7.   6.   4.   3.   1.]

[  1.   2.   3.   5.   6.   7.   8.  10.  11.  12.]

[-0.  1.  2.  3.  4.  5.  6.  6.  8.  9.]

[ 1.  1.  2.  3.  4.  5.  5.  6.  7.  7.]

[  1.   2.   3.   4.   5.   7.   8.   9.  10.  11.]

[ 1.  2.  2.  3.  4.  5.  5.  6.  7.  7.]

[  0.   2.   2.   3.   5.   6.   7.   7.   9.  10.]

[ -0.   1.   2.   3.   5.   6.   7.   7.   9.  10.]

[ -0.   1.   2.   3.   4.   5.   7.   7.   8.  10.]

[  0.   2.   3.   4.   5.   6.   7.   8.   9.  10.]

[  0.   2.   3.   4.   5.   6.   7.   8.  10.  11.]

[  0.   2.   3.   4.   5.   6.   8.   9.  10.  11.]

[  0.   2.   2.   4.   5.   6.   7.   8.   9.  10.]

[  1.   2.   3.   4.   5.   6.   7.   9.  10.  10.]

[ 12.  11.  10.   8.   8.   6.   4.   3.   3.   1.]

[ 1.  2.  3.  3.  4.  5.  6.  7.  7.  8.]

[ 8.  7.  6.  5.  5.  4.  3.  2.  2.  1.]

[ 3.  3.  3.  3.  4.  4.  4.  5.  5.  5.]

[ 10.   9.   8.   7.   6.   5.   4.   3.   2.   1.]

[  1.   2.   3.   4.   5.   7.   8.   9.  10.  11.]

[ 1.  2.  2.  3.  4.  5.  6.  7.  8.  8.]

[ 1.  2.  2.  3.  4.  4.  5.  6.  6.  7.]

[ 13.  11.  10.   9.   8.   6.   5.   4.   2.   1.]

[ 2.  2.  3.  3.  3.  4.  4.  5.  5.  5.]

[ 7.  6.  6.  5.  4.  4.  3.  2.  1.  1.]

[ 3.  4.  3.  3.  4.  4.  4.  5.  5.  5.]

[-0.  1.  2.  3.  4.  5.  6.  6.  8.  9.]

[  0.   2.   2.   4.   5.   6.   7.   8.   9.  10.]

[ 2.  2.  3.  3.  4.  4.  5.  6.  6.  6.]

[  0.   2.   3.   4.   5.   7.   8.   9.  10.  11.]

[  0.   1.   2.   3.   5.   6.   7.   7.   9.  10.]

[ 14.  12.  11.  10.   8.   7.   5.   4.   3.   1.]

[ 0.  1.  2.  3.  4.  5.  6.  7.  8.  9.]

[ 8.  7.  6.  5.  5.  4.  3.  3.  2.  1.]

[ 1.  1.  2.  2.  3.  3.  4.  5.  5.  6.]

[-0.  1.  2.  3.  4.  5.  6.  6.  7.  9.]

[ 12.  11.  10.   8.   7.   6.   5.   3.   2.   1.]

[  1.   2.   4.   5.   6.   7.   8.  10.  11.  11.]

[ 9.  8.  7.  6.  6.  4.  3.  3.  2.  1.]

[ 8.  7.  6.  5.  5.  4.  3.  2.  2.  1.]

[ 14.  13.  11.   9.   8.   7.   5.   4.   3.   1.]

[ 11.  10.   9.   8.   7.   5.   4.   3.   2.   1.]

[ 4.  4.  3.  3.  4.  3.  3.  3.  3.  3.]

[ 16.  15.  13.  11.  10.   8.   6.   4.   3.   1.]

[  1.   2.   3.   5.   6.   7.   8.  10.  10.  11.]

[ 0.  1.  2.  3.  4.  5.  6.  6.  7.  8.]

[ 9.  8.  7.  6.  5.  4.  3.  3.  2.  1.]

[ 8.  8.  7.  6.  5.  4.  3.  3.  2.  1.]

[ 18.  17.  15.  13.  11.   9.   7.   5.   4.   1.]

[ -0.   1.   2.   3.   4.   5.   6.   7.   8.  10.]

[  0.   2.   3.   4.   5.   6.   7.   8.   9.  10.]

[ 2.  2.  3.  3.  4.  4.  4.  5.  6.  6.]

[  0.   1.   2.   3.   5.   5.   7.   7.   9.  10.]

[ 12.  11.  10.   8.   7.   6.   4.   3.   2.   1.]

[  0.   1.   2.   3.   5.   6.   7.   7.   9.  10.]

[ 6.  5.  5.  4.  4.  3.  3.  3.  2.  2.]

[  0.   1.   2.   3.   5.   5.   7.   7.   9.  10.]

[ -0.   1.   2.   3.   5.   5.   7.   6.   8.  10.]

[ 10.   9.   8.   6.   6.   5.   4.   3.   2.   1.]

[  0.   1.   2.   3.   5.   6.   7.   7.   9.  10.]

[  0.   1.   2.   3.   5.   6.   7.   7.   9.  10.]

[ 4.  4.  4.  3.  4.  3.  3.  4.  4.  4.]

[ 1.  1.  2.  2.  3.  4.  4.  5.  5.  6.]

[  0.   1.   2.   3.   5.   5.   7.   7.   9.  10.]

[-0.  1.  2.  3.  4.  5.  6.  7.  8.  9.]

[  0.   1.   2.   3.   5.   5.   7.   7.   8.  10.]

[ -0.   1.   2.   3.   5.   5.   7.   7.   8.  10.]

[ 1.  1.  2.  3.  3.  4.  5.  6.  6.  7.]

[  0.   2.   3.   4.   5.   6.   7.   8.   9.  10.]

[ -0.   1.   2.   4.   5.   6.   7.   8.   9.  10.]

[ 13.  12.  11.   9.   8.   6.   5.   4.   3.   1.]

[  0.   2.   2.   3.   5.   6.   7.   7.   9.  10.]

[  0.   2.   3.   4.   5.   6.   7.   8.   9.  10.]

[  0.   1.   2.   3.   5.   6.   7.   7.   9.  10.]

[ 13.  12.  11.   9.   8.   6.   5.   4.   3.   1.]

[  0.   2.   3.   4.   5.   6.   7.   9.  10.  11.]

[ 12.  11.   9.   8.   7.   6.   5.   4.   2.   1.]

[ 14.  13.  11.  10.   9.   7.   5.   4.   3.   1.]

[  1.   2.   3.   4.   5.   6.   7.   8.   9.  10.]

[  0.   2.   3.   4.   5.   6.   7.   9.  10.  11.]

[ 6.  6.  5.  4.  4.  3.  2.  3.  2.  2.]

[ -0.   2.   2.   4.   5.   6.   7.   8.   9.  10.]

[  1.   2.   3.   4.   5.   7.   8.   9.  10.  10.]

[ 14.  13.  11.  10.   8.   7.   5.   4.   3.   1.]

[ 1.  1.  2.  3.  4.  4.  5.  6.  6.  7.]

[  1.   2.   3.   4.   5.   6.   8.   9.  10.  11.]

[ 1.  1.  2.  3.  4.  5.  5.  6.  7.  7.]

[ 5.  5.  4.  3.  4.  3.  2.  3.  3.  3.]

[ 2.  3.  3.  3.  4.  4.  5.  5.  5.  6.]

[ -0.   1.   2.   3.   5.   5.   7.   7.   8.  10.]

[  0.   2.   3.   4.   5.   6.   7.   8.   9.  10.]

[  0.   2.   3.   4.   5.   6.   8.   9.  10.  11.]

[ 15.  13.  12.  10.   9.   7.   6.   4.   3.   1.]

[  1.   2.   3.   4.   5.   6.   7.   9.   9.  10.]

[  0.   2.   3.   4.   5.   6.   7.   8.   9.  10.]

[ 9.  8.  7.  6.  6.  5.  4.  3.  2.  1.]

[ 21.  19.  17.  15.  12.  10.   9.   6.   4.   1.]

[ 1.  1.  2.  3.  4.  5.  5.  6.  7.  8.]

[ 6.  5.  5.  5.  4.  4.  4.  4.  3.  3.]

[ 1.  1.  2.  3.  4.  5.  6.  6.  7.  8.]

[ 15.  14.  13.  11.   9.   8.   6.   4.   3.   1.]

[ 8.  7.  6.  5.  5.  4.  3.  2.  2.  1.]

[ 14.  13.  11.  10.   8.   7.   5.   4.   3.   1.]

[-0.  1.  2.  3.  4.  5.  6.  7.  8.  9.]

[  1.   2.   3.   4.   5.   7.   8.   9.  10.  11.]

[ 19.  18.  16.  14.  12.   9.   7.   5.   4.   1.]

[  0.   2.   3.   4.   5.   7.   8.   9.  10.  11.]

[ 1.  1.  2.  2.  3.  4.  4.  5.  6.  6.]

[ 12.  12.  10.   8.   8.   6.   4.   3.   3.   1.]

[ 1.  2.  2.  3.  4.  4.  4.  5.  6.  6.]

[ 6.  5.  5.  4.  4.  3.  3.  3.  2.  2.]

[ 1.  2.  3.  3.  4.  5.  6.  7.  7.  8.]

[ 7.  6.  5.  5.  4.  3.  3.  3.  1.  1.]

[ 2.  3.  3.  3.  4.  4.  4.  5.  5.  5.]

[ 1.  2.  2.  3.  3.  4.  5.  6.  6.  6.]

[ 5.  4.  4.  4.  4.  3.  3.  3.  2.  2.]

[  0.   2.   3.   4.   6.   7.   8.   9.  11.  12.]

[ 9.  8.  7.  6.  6.  4.  3.  3.  2.  1.]

[ 8.  7.  6.  5.  5.  4.  3.  3.  2.  1.]

[ 14.  13.  11.  10.   8.   7.   5.   4.   3.   1.]

[ 7.  6.  5.  4.  4.  3.  2.  2.  2.  1.]

[ 6.  6.  5.  4.  4.  3.  2.  3.  2.  1.]

[ 0.  1.  2.  3.  4.  5.  6.  6.  7.  8.]

[ 4.  4.  4.  4.  4.  4.  5.  5.  5.  5.]

[ 7.  7.  6.  4.  5.  3.  2.  2.  2.  1.]

[  0.   2.   2.   4.   5.   6.   7.   8.   9.  10.]

[ 10.   9.   8.   7.   6.   5.   4.   3.   2.   1.]

[ 8.  7.  6.  5.  5.  4.  3.  3.  2.  1.]

[ 15.  14.  12.  10.   9.   7.   6.   4.   3.   1.]

[ -0.   1.   2.   4.   5.   6.   7.   8.   9.  11.]

[ 1.  1.  2.  3.  4.  4.  5.  6.  6.  7.]

[ 9.  9.  8.  6.  6.  5.  3.  3.  2.  1.]

[ 14.  13.  11.  10.   9.   7.   5.   4.   3.   1.]

[ 18.  17.  15.  13.  11.   9.   8.   5.   4.   1.]

[ 0.  1.  2.  3.  4.  5.  6.  6.  7.  8.]

[ 16.  15.  13.  11.  10.   8.   6.   4.   3.   1.]

[ 9.  8.  7.  6.  5.  4.  3.  3.  2.  1.]

[  0.   1.   2.   3.   5.   5.   7.   7.   8.  10.]

[ 9.  8.  7.  6.  5.  4.  3.  3.  2.  1.]

[  0.   2.   2.   4.   5.   6.   7.   8.   9.  10.]

[ 14.  13.  12.  10.   9.   7.   5.   4.   3.   1.]

[ 19.  18.  16.  14.  11.   9.   8.   5.   4.   1.]

[-0.  1.  2.  3.  4.  5.  6.  6.  8.  9.]

[ 16.  14.  13.  11.   9.   8.   6.   4.   3.   1.]

[ 12.  11.   9.   8.   7.   6.   5.   3.   2.   1.]

[  0.   2.   3.   4.   5.   6.   7.   8.   9.  10.]

[ 11.  10.   9.   7.   7.   5.   4.   3.   2.   1.]

[  1.   2.   3.   5.   6.   7.   8.  10.  11.  12.]

[  0.   2.   2.   4.   5.   6.   7.   8.   9.  10.]

[  0.   2.   2.   4.   5.   6.   7.   8.   9.  10.]

[ 12.  11.  10.   8.   8.   6.   5.   3.   3.   1.]

[ 4.  4.  4.  4.  4.  4.  4.  5.  5.  5.]

[ 1.  2.  2.  3.  3.  4.  4.  5.  5.  6.]

[ 15.  13.  12.  11.   9.   7.   6.   4.   3.   1.]

[ 15.  14.  12.  11.   9.   7.   6.   4.   3.   1.]

[ 14.  13.  12.  10.   9.   7.   5.   4.   3.   1.]

[ 5.  4.  4.  4.  4.  3.  3.  3.  2.  2.]

[ 8.  7.  6.  5.  5.  4.  3.  3.  2.  1.]

[ 14.  13.  11.  10.   9.   7.   5.   4.   3.   1.]

[ 1.  2.  2.  3.  4.  5.  6.  7.  7.  8.]

[ 2.  2.  3.  3.  4.  4.  5.  6.  6.  7.]

[  1.   2.   3.   4.   5.   6.   7.   8.   9.  10.]

[ 7.  6.  6.  5.  5.  4.  3.  3.  2.  1.]

[  0.   2.   3.   4.   6.   7.   8.   9.  11.  12.]

[  1.   2.   3.   5.   6.   7.   8.   9.  10.  11.]

[ 10.   9.   8.   7.   6.   5.   4.   3.   2.   1.]

[ 9.  8.  7.  6.  6.  5.  4.  3.  2.  1.]

[ 14.  13.  12.  10.   9.   7.   6.   4.   3.   1.]

[ 14.  13.  11.  10.   9.   7.   5.   4.   3.   1.]

[ 19.  17.  15.  13.  11.   9.   7.   5.   4.   1.]

[ 11.  10.   9.   7.   7.   5.   4.   3.   2.   1.]

[ 11.  10.   9.   8.   7.   5.   4.   3.   2.   1.]

[ 5.  5.  5.  4.  4.  4.  3.  3.  3.  2.]

[ 8.  7.  6.  5.  5.  4.  3.  2.  2.  1.]

[ 17.  16.  14.  12.  10.   8.   6.   5.   3.   1.]

[ 18.  17.  15.  13.  11.   9.   7.   5.   4.   1.]

[ 8.  7.  6.  5.  5.  4.  3.  2.  2.  1.]

[ -0.   1.   2.   3.   5.   6.   7.   7.   9.  10.]

[ 15.  14.  12.  10.   9.   7.   6.   4.   3.   1.]

[  1.   2.   3.   5.   6.   7.   8.  10.  10.  11.]

[ 12.  11.  10.   8.   7.   6.   5.   4.   3.   1.]

[ 14.  13.  12.  10.   9.   7.   5.   4.   3.   1.]

[ 12.  11.   9.   8.   7.   6.   4.   3.   2.   1.]

[ 1.  2.  2.  3.  4.  5.  6.  7.  7.  8.]

[ 1.  1.  2.  3.  4.  5.  5.  6.  7.  7.]

[ 0.  1.  2.  3.  4.  4.  5.  5.  6.  7.]

[ 13.  12.  11.   9.   8.   6.   5.   4.   3.   1.]

[ 1.  2.  3.  3.  4.  5.  6.  7.  7.  8.]

[  0.   1.   2.   3.   5.   5.   7.   7.   8.  10.]

[ 8.  7.  6.  5.  5.  4.  2.  2.  2.  1.]

[  0.   2.   3.   4.   5.   6.   8.   9.  10.  11.]

[  0.   2.   3.   4.   5.   6.   7.   8.   9.  10.]

[ 8.  7.  7.  6.  5.  4.  3.  3.  2.  1.]

[ 9.  8.  7.  7.  6.  5.  4.  3.  2.  1.]

[ 16.  15.  13.  11.  10.   8.   6.   4.   3.   2.]

[ 1.  2.  2.  3.  4.  4.  5.  6.  6.  7.]

[ 14.  13.  11.  10.   8.   7.   6.   4.   3.   1.]

[ 2.  2.  2.  3.  3.  4.  4.  6.  5.  5.]

[ 16.  15.  13.  11.  10.   8.   6.   4.   3.   1.]

[ 9.  8.  7.  6.  5.  4.  3.  3.  2.  1.]

[ -0.   1.   2.   3.   5.   6.   7.   7.   9.  10.]

[  0.   2.   3.   4.   5.   7.   8.   9.  10.  11.]

[ 13.  12.  11.   9.   8.   6.   5.   4.   3.   1.]

[ 10.   9.   8.   7.   6.   5.   4.   3.   2.   1.]

[ 1.  2.  2.  3.  4.  5.  5.  7.  7.  7.]

[  0.   2.   3.   4.   5.   6.   7.   8.   9.  10.]

[  1.   2.   3.   4.   5.   6.   7.   8.   9.  10.]

[ 0.  1.  2.  3.  4.  5.  6.  7.  8.  9.]

[ 4.  3.  4.  4.  4.  4.  4.  5.  4.  4.]

[ 18.  17.  15.  13.  11.   9.   7.   5.   3.   1.]

[  0.   2.   3.   4.   5.   6.   7.   8.  10.  11.]

[ 1.  1.  2.  3.  3.  4.  5.  6.  6.  6.]

[ 12.  10.   9.   8.   7.   6.   5.   3.   2.   1.]

[  1.   2.   3.   4.   5.   7.   8.   9.  10.  11.]

[ 9.  9.  7.  6.  6.  4.  3.  3.  2.  1.]

[  0.   2.   3.   4.   5.   6.   7.   8.   9.  10.]

[ -0.   1.   2.   3.   5.   5.   7.   7.   9.  10.]

[ 15.  14.  13.  11.   9.   8.   6.   4.   3.   1.]

[  0.   2.   3.   4.   5.   6.   7.   8.   9.  10.]

[ 6.  5.  5.  4.  4.  3.  3.  3.  2.  2.]

[ 22.  20.  18.  15.  13.  11.   8.   5.   4.   2.]

[ 7.  7.  6.  5.  5.  4.  3.  2.  2.  1.]

[ 7.  6.  6.  5.  4.  3.  2.  3.  2.  1.]

[ -0.   1.   2.   3.   5.   5.   7.   7.   9.  10.]

[ 5.  5.  4.  4.  4.  4.  3.  4.  3.  3.]

[  0.   2.   3.   4.   5.   6.   8.   8.  10.  11.]

[  0.   2.   2.   4.   5.   6.   7.   8.   9.  10.]

[ 9.  8.  7.  6.  5.  4.  3.  3.  2.  1.]

[  1.   2.   4.   5.   6.   7.   8.  10.  11.  11.]

[  0.   2.   2.   4.   5.   6.   7.   8.   9.  10.]

[  1.   2.   4.   5.   6.   7.   8.  10.  10.  11.]

[ 7.  6.  5.  5.  5.  4.  3.  4.  3.  2.]

[ -0.   1.   2.   3.   5.   5.   7.   7.   8.  10.]

[ 1.  2.  3.  4.  4.  5.  6.  7.  8.  9.]

[  0.   2.   2.   4.   5.   6.   7.   8.   9.  10.]

[  0.   2.   3.   4.   5.   6.   7.   8.   9.  10.]

[ 13.  12.  10.   9.   8.   6.   5.   4.   3.   1.]

[ 6.  5.  5.  4.  4.  4.  3.  3.  2.  2.]

[ 1.  2.  3.  4.  5.  6.  7.  8.  8.  9.]

[ 17.  15.  14.  12.  10.   8.   7.   5.   3.   1.]

[ 7.  7.  6.  5.  5.  3.  2.  2.  2.  1.]

[ 5.  5.  5.  4.  4.  4.  3.  4.  3.  2.]

[ 8.  7.  6.  5.  5.  4.  3.  2.  2.  1.]

[  0.   2.   2.   3.   5.   6.   7.   7.   9.  10.]

[ 9.  8.  7.  6.  6.  4.  3.  3.  2.  1.]

[ 1.  2.  2.  3.  3.  4.  5.  6.  6.  6.]

[ 14.  13.  12.  10.   9.   7.   6.   4.   3.   1.]

[ 13.  12.  11.  10.   8.   7.   6.   3.   2.   1.]

[ 11.  10.   8.   7.   6.   5.   4.   3.   2.   1.]

[ 0.  1.  2.  3.  5.  5.  6.  7.  8.  9.]

[ 19.  17.  15.  13.  11.   9.   8.   5.   4.   1.]

[ 0.  1.  2.  3.  4.  4.  5.  6.  7.  8.]

[ 7.  6.  6.  5.  5.  3.  3.  2.  1.  1.]

[ -0.   1.   2.   3.   4.   5.   6.   7.   8.  10.]

[  0.   1.   2.   3.   5.   6.   7.   7.   9.  10.]

[ -0.   2.   2.   4.   5.   6.   7.   8.   9.  10.]

[  1.   2.   3.   4.   5.   6.   7.   8.   9.  10.]

[  1.   2.   4.   5.   6.   7.   8.  10.  11.  12.]

[  1.   2.   3.   4.   5.   6.   7.   9.  10.  10.]

[  0.   2.   3.   4.   5.   6.   7.   8.   9.  10.]

[  1.   2.   3.   4.   5.   7.   8.   9.  10.  11.]

[  0.   2.   3.   4.   5.   6.   7.   8.   9.  10.]

[ 6.  6.  5.  4.  4.  4.  3.  3.  2.  2.]

[ 1.  2.  2.  3.  3.  4.  4.  5.  5.  6.]

[  0.   2.   3.   4.   5.   6.   8.   9.  10.  11.]

[ 19.  17.  15.  13.  11.   9.   8.   5.   3.   1.]

[  1.   2.   4.   5.   6.   7.   8.  10.  10.  11.]

[ 8.  7.  6.  5.  5.  4.  3.  2.  2.  1.]

[ 11.  10.   9.   8.   7.   6.   5.   3.   2.   1.]

[ 3.  3.  4.  4.  5.  5.  5.  6.  6.  6.]

[  1.   2.   4.   5.   6.   7.   8.  10.  10.  11.]

[  0.   2.   3.   4.   5.   6.   7.   8.   9.  10.]

[ 0.  1.  2.  3.  4.  5.  6.  6.  7.  8.]

[ -0.   2.   2.   4.   5.   6.   7.   8.   9.  11.]

[ 2.  3.  3.  3.  4.  4.  5.  5.  5.  6.]

[ 14.  13.  12.  10.   9.   7.   6.   4.   3.   1.]

[ 13.  12.  11.   9.   8.   6.   5.   4.   3.   1.]

[ 10.   9.   8.   7.   6.   5.   4.   3.   2.   1.]

[  1.   2.   3.   4.   5.   6.   7.   9.   9.  10.]

[ 6.  5.  4.  4.  4.  3.  2.  2.  2.  2.]

[  0.   1.   2.   3.   5.   6.   7.   7.   9.  10.]

[  0.   2.   3.   4.   5.   6.   7.   8.   9.  10.]

[  1.   2.   3.   4.   5.   6.   7.   9.   9.  10.]

[ 2.  2.  3.  3.  4.  4.  4.  6.  6.  6.]

[ 11.  10.   9.   7.   7.   5.   4.   3.   2.   1.]

[ 3.  3.  4.  4.  4.  4.  5.  5.  5.  5.]

[ 9.  9.  7.  6.  6.  4.  3.  3.  2.  1.]

[ 14.  13.  11.  10.   8.   7.   6.   4.   3.   1.]

[ 9.  8.  7.  6.  6.  4.  3.  2.  2.  1.]

[ 20.  18.  16.  14.  12.  10.   7.   5.   4.   2.]

[ 1.  2.  2.  3.  4.  5.  6.  7.  7.  8.]

[ 4.  4.  4.  4.  4.  4.  4.  4.  4.  4.]

[  0.   1.   2.   3.   5.   5.   7.   7.   8.  10.]

[ 10.   9.   8.   7.   6.   5.   4.   3.   2.   1.]

[  0.   2.   3.   4.   5.   6.   7.   8.  10.  11.]

[ 1.  2.  3.  3.  4.  5.  6.  7.  8.  8.]

[  0.   2.   2.   3.   5.   6.   7.   7.   8.  10.]

[  0.   2.   2.   4.   5.   6.   7.   8.   9.  10.]

[ 11.  10.   9.   8.   7.   5.   4.   3.   2.   1.]

[ 13.  12.  10.   9.   8.   6.   5.   4.   3.   1.]

[  1.   2.   4.   5.   6.   7.   8.  10.  11.  12.]

[  0.   2.   3.   4.   5.   6.   7.   8.  10.  10.]

[  1.   2.   3.   5.   6.   7.   8.   9.  10.  11.]

[ 8.  8.  7.  6.  5.  4.  3.  3.  2.  1.]

[  0.   1.   2.   3.   5.   6.   7.   7.   9.  10.]

[ 10.   9.   8.   7.   6.   5.   4.   3.   2.   1.]

[ 14.  13.  11.  10.   9.   7.   5.   4.   3.   1.]

[ 7.  6.  6.  5.  4.  4.  3.  2.  1.  1.]

[ 1.  1.  2.  3.  4.  4.  5.  6.  6.  7.]

[ 0.  1.  2.  3.  4.  5.  6.  7.  8.  9.]

[ 19.  17.  15.  13.  11.   9.   8.   5.   4.   1.]

[ 8.  7.  6.  5.  5.  4.  3.  3.  2.  1.]

[ 3.  3.  3.  3.  4.  4.  4.  5.  5.  5.]

[ 20.  18.  17.  14.  12.  10.   9.   6.   4.   1.]

[  0.   1.   2.   3.   5.   6.   7.   7.   9.  10.]

[ 1.  2.  2.  3.  4.  5.  5.  6.  7.  8.]

[ 9.  8.  7.  6.  6.  5.  4.  3.  2.  1.]

[ 7.  6.  5.  5.  4.  3.  3.  3.  1.  1.]

[ 2.  2.  2.  3.  3.  4.  4.  5.  5.  6.]

[ 11.  10.   9.   7.   7.   5.   4.   3.   2.   1.]

[ 11.  10.   9.   8.   7.   5.   4.   3.   2.   1.]

[ 15.  14.  12.  11.   9.   8.   6.   4.   3.   1.]

[ 10.   9.   8.   7.   6.   5.   3.   3.   2.   1.]

[  1.   2.   3.   4.   5.   7.   8.   9.  10.  11.]

[ 8.  8.  7.  6.  5.  4.  3.  3.  2.  1.]

[ 9.  8.  7.  6.  6.  4.  3.  3.  2.  1.]

[  0.   1.   2.   3.   5.   5.   7.   7.   9.  10.]

[  1.   2.   3.   4.   5.   6.   7.   9.   9.  10.]

[ 6.  5.  5.  4.  4.  3.  3.  3.  2.  2.]

[  0.   2.   2.   4.   5.   6.   7.   8.   9.  10.]

[  0.   2.   3.   4.   5.   6.   7.   8.   9.  10.]

[ 5.  4.  4.  4.  4.  3.  3.  3.  3.  3.]

[ 10.  10.   8.   7.   7.   5.   4.   3.   2.   1.]

[ 1.  2.  2.  3.  4.  5.  6.  7.  8.  8.]

[ 15.  14.  12.  11.   9.   7.   6.   4.   3.   1.]

[ 0.  1.  2.  3.  4.  5.  6.  6.  8.  9.]

[ 14.  12.  11.  10.   8.   7.   6.   4.   3.   1.]

[  0.   2.   2.   4.   5.   6.   7.   8.   9.  11.]

[ 15.  13.  12.  10.   9.   7.   6.   4.   3.   1.]

[  0.   2.   3.   4.   5.   6.   8.   9.  10.  11.]

[ 1.  2.  3.  3.  4.  4.  4.  6.  6.  6.]

[  0.   2.   3.   4.   5.   6.   7.   8.   9.  10.]

[ 1.  1.  2.  3.  4.  4.  5.  6.  7.  8.]

[ 1.  1.  2.  3.  4.  5.  6.  6.  7.  8.]

[ 13.  12.  10.   9.   8.   6.   5.   4.   3.   1.]

[ 9.  8.  7.  6.  6.  4.  3.  3.  2.  1.]

[  0.   2.   3.   4.   6.   7.   8.   9.  10.  11.]

[ 17.  16.  14.  13.  10.   9.   7.   5.   3.   1.]

[ 2.  2.  3.  3.  4.  4.  4.  5.  5.  6.]

[ 0.  1.  2.  3.  4.  5.  6.  6.  7.  8.]

[ -0.   1.   2.   3.   5.   6.   7.   7.   9.  10.]

[ 0.  1.  2.  3.  4.  5.  6.  6.  8.  9.]

[  1.   2.   4.   5.   6.   7.   8.  10.  11.  11.]

[  0.   2.   2.   4.   5.   6.   7.   8.   9.  10.]

[ 15.  13.  12.  10.   9.   7.   6.   4.   3.   1.]

[  0.   2.   3.   4.   5.   6.   8.   9.  10.  11.]

[ 8.  7.  6.  5.  5.  4.  3.  3.  2.  1.]

[  0.   2.   3.   4.   5.   7.   8.   9.  10.  11.]

[ 1.  2.  2.  3.  4.  4.  4.  5.  6.  6.]

[ -0.   2.   2.   4.   5.   6.   7.   8.   9.  11.]

[ 10.   9.   8.   7.   6.   5.   4.   3.   2.   1.]

[ 13.  12.  11.   9.   8.   6.   5.   4.   3.   1.]

[ 4.  4.  4.  4.  4.  5.  5.  5.  5.  5.]

[  0.   2.   2.   3.   5.   6.   7.   7.   9.  10.]

[  0.   2.   3.   4.   5.   6.   7.   8.  10.  11.]

[ 8.  7.  7.  6.  5.  4.  3.  3.  2.  1.]

[ 5.  5.  5.  4.  4.  4.  3.  4.  3.  3.]

[ 7.  6.  6.  5.  5.  3.  3.  2.  1.  1.]

[ 6.  6.  5.  4.  5.  3.  2.  3.  2.  2.]

[ 9.  9.  7.  6.  6.  4.  3.  3.  2.  1.]

[  1.   2.   4.   5.   6.   7.   8.  10.  10.  11.]

[ 12.  11.  10.   8.   7.   6.   5.   3.   2.   1.]

[  0.   2.   2.   4.   5.   6.   7.   8.   9.  10.]

[ 10.   9.   8.   7.   6.   5.   3.   3.   2.   1.]

[  0.   2.   3.   4.   5.   6.   7.   8.   9.  10.]

[  0.   2.   3.   4.   5.   6.   7.   8.  10.  11.]

[ 8.  7.  6.  5.  5.  4.  3.  3.  2.  1.]

[ 9.  8.  7.  6.  5.  4.  3.  3.  2.  1.]

[ 5.  5.  4.  4.  4.  3.  3.  3.  3.  3.]

[  0.   2.   2.   4.   5.   6.   7.   8.  10.  11.]

[  0.   1.   2.   3.   5.   5.   7.   7.   9.  10.]

[ 4.  4.  4.  4.  4.  4.  3.  4.  3.  3.]

[ 9.  8.  7.  6.  6.  5.  4.  3.  2.  1.]

[ 11.  10.   9.   8.   7.   6.   4.   3.   2.   1.]

[ 11.  10.   9.   8.   7.   5.   4.   3.   2.   1.]

[  0.   1.   2.   3.   5.   5.   7.   7.   9.  10.]

[ 9.  8.  7.  6.  6.  4.  3.  3.  2.  1.]

[  0.   1.   2.   3.   5.   6.   7.   7.   9.  10.]

[ 7.  6.  6.  5.  4.  4.  3.  2.  1.  1.]

[  0.   2.   3.   4.   5.   7.   8.   9.  10.  11.]

[  0.   2.   3.   4.   5.   6.   8.   9.  10.  11.]

[ 0.  1.  2.  3.  4.  5.  6.  6.  7.  8.]

[  0.   1.   2.   3.   5.   5.   7.   7.   8.  10.]

[  0.   2.   3.   4.   5.   6.   7.   8.   9.  10.]

[ 0.  1.  2.  3.  4.  5.  6.  6.  7.  8.]

[  0.   2.   2.   4.   5.   6.   7.   8.   9.  10.]

[ 7.  6.  5.  4.  4.  3.  2.  3.  2.  1.]

[ 12.  11.  10.   8.   7.   6.   5.   3.   2.   1.]

[ 6.  5.  5.  5.  4.  4.  3.  3.  2.  2.]

[  0.   2.   3.   4.   5.   6.   7.   8.  10.  10.]

[ 11.  10.   9.   7.   7.   5.   4.   3.   2.   1.]

[ -0.   1.   2.   3.   5.   5.   7.   7.   8.  10.]

[  1.   2.   3.   4.   5.   6.   7.   8.   9.  10.]

[  0.   2.   2.   4.   5.   6.   7.   8.   9.  10.]

[ 0.  1.  2.  3.  4.  5.  6.  7.  8.  9.]

[ 11.  10.   8.   7.   7.   5.   4.   3.   2.   1.]

[ 11.  10.   9.   8.   7.   5.   4.   3.   2.   1.]

[ 7.  6.  6.  5.  4.  4.  3.  4.  2.  2.]

[ 12.  11.  10.   8.   8.   6.   5.   3.   2.   1.]

[ 8.  7.  7.  6.  5.  4.  3.  3.  2.  1.]

[  0.   2.   3.   4.   5.   6.   8.   8.  10.  11.]

[  0.   2.   3.   4.   5.   6.   7.   8.   9.  10.]

[  0.   2.   2.   4.   5.   6.   7.   8.   9.  10.]

[ 4.  3.  4.  3.  4.  4.  3.  4.  4.  4.]

[ 14.  14.  12.  10.   9.   7.   5.   4.   3.   1.]

[ 3.  4.  3.  3.  4.  3.  3.  4.  4.  4.]

[ 0.  1.  2.  3.  4.  5.  6.  6.  7.  8.]

[ -0.   1.   2.   3.   5.   6.   7.   7.   9.  10.]

[  1.   2.   4.   5.   5.   7.   8.  10.  10.  10.]

[ 9.  8.  7.  6.  6.  4.  3.  3.  2.  1.]

[  1.   2.   3.   4.   5.   7.   8.   9.  10.  11.]

[ 5.  5.  5.  4.  4.  4.  3.  4.  3.  3.]

[ 9.  9.  8.  6.  6.  4.  3.  3.  2.  1.]

[ 0.  1.  2.  3.  4.  5.  6.  7.  8.  9.]

[ 19.  18.  16.  13.  12.   9.   8.   5.   4.   1.]

[ 0.  2.  2.  3.  4.  5.  6.  7.  8.  9.]

[ 4.  4.  4.  3.  4.  4.  3.  4.  4.  4.]

[  0.   2.   3.   4.   5.   6.   8.   9.  10.  11.]

[ 3.  3.  3.  4.  4.  4.  4.  5.  5.  5.]

[ 2.  2.  3.  4.  4.  5.  5.  7.  6.  6.]

[ 18.  16.  14.  12.  11.   9.   7.   5.   3.   1.]

[  0.   2.   2.   3.   5.   6.   7.   7.   9.  10.]

[  0.   2.   2.   4.   5.   6.   7.   8.   9.  10.]

[  0.   2.   3.   4.   5.   6.   8.   9.  10.  11.]

[ -0.   1.   2.   3.   5.   5.   7.   7.   8.  10.]

[ 16.  14.  13.  11.  10.   8.   6.   4.   3.   1.]

[ 8.  7.  6.  5.  5.  4.  3.  3.  2.  1.]

[ 1.  2.  3.  3.  4.  5.  5.  6.  7.  7.]

[ 15.  14.  12.  11.   9.   8.   7.   4.   3.   1.]

[ 13.  11.  10.   9.   7.   6.   6.   3.   2.   1.]

[ 13.  12.  11.   9.   8.   6.   5.   4.   3.   1.]

[ 2.  2.  3.  3.  4.  5.  5.  6.  6.  7.]

[ 11.  11.   9.   8.   7.   5.   4.   3.   2.   1.]

[  0.   2.   3.   4.   6.   7.   8.   9.  11.  12.]

[  0.   2.   2.   4.   5.   6.   7.   8.   9.  10.]

[ 10.   9.   8.   7.   6.   5.   4.   3.   2.   1.]

[ 9.  8.  7.  6.  6.  4.  3.  3.  2.  1.]

[  0.   2.   3.   4.   5.   6.   7.   8.  10.  11.]

[  1.   2.   3.   4.   5.   6.   7.   8.   9.  10.]

[ 3.  3.  3.  3.  4.  4.  4.  5.  5.  5.]

[ 13.  12.  10.   9.   8.   6.   5.   4.   3.   1.]

[ 0.  1.  2.  3.  4.  5.  6.  7.  8.  9.]

[  1.   2.   3.   5.   6.   7.   8.  10.  11.  12.]

[ 9.  9.  8.  6.  6.  5.  4.  3.  2.  1.]

[ 14.  13.  11.  10.   9.   7.   5.   4.   3.   1.]

[ 15.  14.  12.  11.   9.   8.   6.   4.   3.   1.]

[ 11.  10.   9.   7.   7.   5.   4.   3.   2.   1.]

[ 19.  18.  16.  14.  12.  10.   7.   5.   4.   2.]

[  0.   2.   2.   4.   5.   6.   8.   8.  10.  11.]

[ 18.  16.  14.  13.  11.   9.   7.   5.   3.   1.]

[  0.   1.   2.   3.   5.   5.   7.   7.   8.  10.]

[  0.   2.   3.   4.   5.   6.   7.   8.   9.  10.]

[-0.  1.  2.  3.  4.  5.  6.  6.  8.  9.]

[  0.   2.   2.   4.   5.   6.   7.   7.   9.  10.]

[ 0.  1.  2.  3.  4.  5.  6.  7.  8.  9.]

[  1.   2.   3.   4.   5.   6.   7.   9.   9.  10.]

[ 12.  11.   9.   8.   7.   6.   5.   3.   2.   1.]

[  0.   2.   2.   4.   5.   6.   7.   8.   9.  10.]

[ 14.  13.  12.  10.   9.   7.   5.   4.   3.   1.]

[  1.   2.   3.   4.   6.   7.   8.   9.  10.  11.]

[  0.   2.   2.   4.   5.   6.   7.   8.   9.  11.]

[ 3.  3.  3.  4.  4.  5.  5.  6.  6.  6.]

[ 1.  2.  2.  3.  4.  5.  6.  7.  7.  8.]

[-0.  1.  2.  3.  4.  5.  6.  6.  8.  9.]

[  0.   2.   2.   4.   5.   6.   7.   8.   9.  10.]

[  1.   2.   4.   5.   6.   7.   8.  10.  10.  11.]

[ 15.  14.  12.  11.   9.   8.   6.   4.   3.   1.]

[  0.   2.   2.   4.   5.   6.   7.   8.   9.  10.]

[ 19.  18.  16.  14.  12.  10.   8.   5.   4.   1.]

[ 16.  14.  13.  11.   9.   8.   6.   4.   3.   1.]

[  0.   2.   3.   4.   5.   6.   7.   8.  10.  11.]

[  0.   2.   3.   4.   5.   6.   7.   8.   9.  10.]

[ 1.  2.  3.  3.  4.  5.  6.  7.  8.  8.]

[ 7.  6.  5.  5.  4.  4.  3.  3.  2.  2.]

[ 13.  12.  11.   9.   8.   6.   5.   4.   3.   1.]

[ 12.  11.   9.   8.   7.   6.   4.   3.   2.   1.]

[ 0.  1.  2.  3.  5.  5.  6.  7.  8.  9.]

[ 7.  6.  6.  5.  4.  4.  3.  3.  2.  1.]

[ 17.  16.  14.  12.  10.   8.   6.   4.   3.   2.]

[  0.   1.   2.   3.   5.   5.   7.   7.   8.  10.]

[  1.   3.   4.   5.   6.   7.   8.  10.  11.  11.]

[  0.   2.   2.   4.   5.   6.   7.   8.   9.  10.]

[  0.   2.   3.   4.   5.   6.   7.   8.   9.  11.]

[ 10.   9.   8.   7.   6.   5.   4.   3.   2.   1.]

[ 5.  5.  4.  4.  4.  3.  3.  3.  3.  3.]

[ 9.  8.  7.  6.  5.  4.  3.  3.  2.  1.]

[ 12.  11.  10.   8.   7.   6.   5.   4.   3.   1.]

[ 14.  12.  11.  10.   8.   7.   5.   4.   3.   1.]

[  0.   1.   2.   3.   5.   6.   7.   7.   9.  10.]

[  1.   2.   3.   4.   5.   6.   7.   9.  10.  10.]

[ 1.  1.  2.  3.  4.  5.  6.  7.  8.  8.]

[  0.   2.   3.   4.   5.   6.   8.   8.  10.  11.]

[ 10.   9.   8.   7.   6.   5.   4.   3.   2.   1.]

[ 4.  3.  4.  3.  4.  3.  3.  4.  4.  4.]

[  0.   2.   2.   4.   5.   6.   7.   8.   9.  10.]

[ 13.  12.  11.   9.   8.   6.   5.   4.   3.   1.]

[-0.  1.  2.  3.  4.  5.  6.  6.  8.  9.]

[ 9.  8.  7.  6.  6.  4.  3.  3.  2.  1.]

[  0.   2.   2.   4.   5.   6.   8.   8.  10.  11.]

[ 3.  3.  3.  3.  3.  4.  4.  4.  4.  4.]

[ 1.  2.  2.  3.  4.  5.  6.  7.  8.  8.]

[  0.   2.   2.   4.   5.   6.   7.   8.   9.  10.]

[ 10.  10.   8.   7.   6.   5.   4.   3.   2.   1.]

[ 13.  12.  11.   9.   8.   6.   5.   4.   3.   1.]

[ 4.  3.  4.  4.  3.  3.  3.  4.  3.  3.]

[  0.   2.   2.   4.   5.   6.   7.   8.   9.  10.]

[ 8.  7.  6.  5.  5.  4.  3.  2.  2.  1.]

[  1.   2.   3.   4.   5.   7.   7.   9.  10.  10.]

[ 5.  4.  4.  4.  4.  4.  3.  4.  4.  4.]

[ 11.  10.   9.   8.   7.   6.   4.   3.   2.   1.]

[ -0.   1.   2.   3.   5.   6.   7.   7.   9.  10.]

[  1.   3.   4.   5.   6.   7.   8.  10.  11.  12.]

[  0.   1.   2.   3.   5.   5.   7.   7.   9.  10.]

[  1.   2.   3.   4.   5.   6.   8.   9.  10.  11.]

[ -0.   1.   2.   3.   5.   5.   7.   7.   8.  10.]

[  0.   2.   3.   4.   5.   6.   7.   8.  10.  11.]

[ 11.  10.   9.   8.   7.   6.   4.   3.   2.   1.]

[  1.   2.   4.   5.   6.   7.   8.  10.  10.  11.]

[ 7.  6.  5.  5.  4.  3.  3.  2.  1.  1.]

[  1.   2.   3.   4.   5.   7.   8.   9.  10.  11.]

[ 6.  6.  5.  4.  4.  3.  2.  2.  1.  1.]

[ 10.  10.   8.   7.   6.   5.   4.   3.   2.   1.]

[ 4.  4.  4.  4.  4.  4.  4.  5.  4.  4.]

[ 7.  7.  6.  5.  5.  4.  3.  2.  2.  1.]

[  1.   2.   3.   4.   5.   6.   7.   9.  10.  10.]

[ 18.  16.  15.  12.  10.   9.   8.   5.   4.   1.]

[ 13.  11.  10.   9.   8.   6.   6.   4.   2.   1.]

[  0.   2.   3.   4.   5.   6.   8.   8.  10.  11.]

[ 7.  6.  5.  5.  4.  3.  3.  3.  2.  1.]

[ 1.  2.  2.  3.  4.  4.  5.  6.  6.  6.]

[ 5.  4.  4.  4.  4.  4.  3.  4.  3.  3.]

[ 0.  1.  2.  3.  4.  4.  5.  6.  7.  8.]

[ -0.   1.   2.   4.   5.   6.   7.   8.   9.  10.]

[ 6.  6.  5.  4.  4.  3.  2.  2.  2.  2.]

[  1.   2.   3.   4.   5.   6.   8.   9.  10.  11.]

[ -0.   1.   2.   3.   5.   5.   7.   7.   8.  10.]

[  0.   2.   3.   4.   5.   6.   7.   8.   9.  10.]

[ 2.  2.  3.  3.  3.  4.  4.  6.  5.  5.]

[  0.   2.   2.   3.   5.   6.   7.   7.   9.  10.]

[ 8.  7.  6.  5.  5.  4.  3.  3.  2.  1.]

[ 4.  4.  4.  4.  4.  4.  4.  4.  4.  4.]

[  0.   2.   3.   4.   5.   6.   7.   8.   9.  10.]

[  0.   1.   2.   3.   5.   5.   7.   7.   8.  10.]

[  1.   3.   4.   5.   6.   7.   8.  10.  11.  11.]

[ 11.  11.   9.   8.   7.   5.   4.   3.   2.   1.]

[ 9.  8.  7.  7.  6.  5.  4.  3.  2.  1.]

[ 14.  13.  11.  10.   9.   7.   5.   4.   3.   1.]

[  0.   1.   2.   3.   5.   5.   7.   7.   9.  10.]

[-0.  1.  2.  3.  4.  5.  6.  6.  8.  9.]

[ 9.  8.  7.  6.  6.  4.  3.  3.  2.  1.]

[ 1.  1.  2.  3.  3.  4.  5.  6.  6.  6.]

[ 5.  4.  5.  4.  4.  4.  4.  5.  4.  4.]

[ 8.  7.  6.  5.  5.  4.  3.  3.  2.  1.]

[ 10.  10.   8.   7.   6.   5.   4.   3.   2.   1.]

[ 9.  8.  7.  6.  5.  5.  4.  3.  2.  1.]

[ 11.  10.   9.   8.   7.   5.   4.   3.   2.   1.]

[ 13.  12.  11.   9.   8.   6.   5.   4.   3.   1.]

[  0.   2.   3.   4.   6.   7.   8.   9.  10.  11.]

[ 0.  1.  2.  3.  4.  5.  6.  6.  7.  9.]

[  1.   2.   4.   5.   6.   7.   8.  10.  10.  11.]

[ -0.   1.   2.   3.   5.   5.   7.   7.   8.  10.]

[ 4.  4.  4.  4.  4.  4.  4.  5.  5.  4.]

[ 12.  11.  10.   8.   7.   6.   5.   3.   2.   1.]

[  1.   2.   4.   5.   6.   7.   8.  10.  10.  11.]

[  1.   2.   3.   4.   5.   6.   7.   9.  10.  10.]

[  1.   2.   3.   5.   5.   7.   8.  10.  10.  11.]

[ -0.   1.   2.   3.   5.   5.   7.   7.   8.  10.]

[  0.   2.   3.   4.   5.   6.   7.   8.   9.  10.]

[ 10.   9.   8.   7.   6.   5.   3.   3.   2.   1.]

[ 2.  2.  2.  2.  3.  3.  3.  4.  4.  5.]

[ 18.  16.  14.  13.  11.   9.   8.   4.   3.   1.]

[ 17.  16.  14.  12.  10.   8.   7.   5.   3.   1.]

[ 17.  16.  14.  12.  10.   9.   7.   4.   3.   1.]

[  0.   2.   2.   3.   5.   6.   7.   7.   9.  10.]

[  0.   2.   3.   4.   5.   6.   7.   8.   9.  10.]

[  0.   1.   2.   3.   5.   6.   7.   7.   9.  10.]

[  0.   2.   3.   4.   5.   6.   7.   8.   9.  10.]

[ 10.   9.   8.   7.   6.   5.   4.   3.   2.   1.]

[ 2.  2.  3.  3.  4.  4.  4.  5.  5.  6.]

[ 12.  11.  10.   8.   8.   6.   4.   3.   3.   1.]

[ 15.  14.  12.  11.   9.   7.   6.   4.   3.   1.]

[ 17.  16.  14.  12.  10.   8.   7.   5.   3.   1.]

[  0.   1.   2.   3.   5.   6.   7.   7.   9.  10.]

[ 7.  6.  6.  5.  5.  4.  3.  3.  2.  1.]

[ 9.  8.  7.  6.  6.  4.  3.  3.  2.  1.]

[  1.   2.   3.   4.   6.   7.   8.   9.  11.  11.]

[ 11.  11.   9.   8.   7.   5.   4.   3.   2.   1.]

[ 19.  17.  15.  13.  11.   9.   8.   5.   4.   1.]

[ 12.  10.   9.   8.   7.   6.   4.   3.   2.   1.]

[ 10.   9.   8.   7.   6.   5.   4.   3.   2.   1.]

[ 4.  4.  3.  3.  4.  3.  3.  3.  3.  3.]

[ 23.  20.  19.  15.  13.  11.  11.   7.   5.   1.]

[ -0.   1.   2.   3.   5.   5.   7.   7.   8.  10.]

[ 10.   8.   8.   7.   6.   5.   4.   3.   2.   1.]

[ 11.  10.   9.   8.   7.   5.   4.   3.   2.   1.]

[ 11.  10.   9.   8.   7.   5.   4.   3.   2.   1.]

[  0.   2.   2.   4.   5.   6.   7.   8.   9.  10.]

[  0.   2.   2.   4.   5.   6.   7.   8.   9.  10.]

[ 8.  7.  6.  5.  5.  4.  3.  3.  2.  1.]

[ 18.  16.  15.  12.  11.   9.   8.   5.   4.   1.]

[ 7.  6.  5.  4.  5.  3.  2.  2.  2.  2.]

[ 6.  6.  5.  4.  4.  3.  3.  3.  3.  2.]

[  1.   2.   3.   4.   5.   7.   8.   9.  10.  11.]

[ 5.  5.  5.  4.  4.  4.  3.  4.  3.  3.]

[ 17.  15.  14.  12.  10.   8.   6.   5.   3.   1.]

[ 10.   9.   8.   7.   6.   5.   4.   3.   2.   1.]

[  1.   3.   4.   6.   6.   8.   9.  12.  12.  12.]

[  1.   2.   3.   4.   5.   6.   7.   9.  10.  10.]

[  1.   2.   3.   4.   5.   7.   8.   9.  10.  11.]

[ 8.  7.  7.  6.  5.  4.  3.  3.  2.  1.]

[ 14.  12.  11.  10.   8.   7.   5.   4.   3.   1.]

[ 11.  10.   9.   8.   7.   5.   4.   3.   2.   1.]

[ 1.  2.  2.  3.  4.  4.  5.  6.  6.  7.]

[ 6.  5.  5.  4.  4.  4.  3.  3.  2.  2.]

[  0.   2.   2.   4.   5.   6.   7.   8.   9.  10.]

[ 5.  5.  4.  4.  4.  3.  3.  3.  2.  2.]

[ 10.   9.   8.   7.   6.   5.   4.   3.   2.   1.]

[ 14.  12.  11.  10.   8.   7.   6.   3.   2.   1.]

[  0.   1.   2.   3.   5.   5.   7.   7.   8.  10.]

[ 1.  1.  2.  3.  4.  4.  5.  6.  6.  7.]

[  1.   2.   3.   4.   5.   6.   7.   9.  10.  10.]

[ 9.  8.  7.  6.  5.  4.  3.  3.  2.  1.]

[ 13.  11.  10.   9.   8.   6.   5.   4.   2.   1.]

[ 0.  1.  2.  3.  4.  5.  6.  6.  8.  9.]

[ 2.  3.  3.  4.  4.  5.  5.  6.  6.  6.]

[  0.   1.   2.   3.   5.   6.   7.   7.   9.  10.]

[ 1.  2.  3.  3.  4.  5.  5.  7.  7.  7.]

[ -0.   1.   2.   3.   5.   5.   7.   7.   8.  10.]

[ 8.  7.  7.  6.  5.  4.  3.  3.  2.  1.]

[  1.   2.   3.   4.   5.   7.   8.   9.  10.  11.]

[ 10.   9.   8.   7.   6.   5.   3.   3.   2.   1.]

[ 16.  15.  13.  11.  10.   8.   6.   4.   3.   2.]

[ 18.  17.  15.  13.  11.   9.   7.   5.   4.   2.]

[ 5.  5.  4.  4.  4.  4.  3.  4.  3.  3.]

[  0.   2.   2.   4.   5.   6.   7.   8.   9.  10.]

[ -0.   1.   2.   3.   5.   5.   7.   7.   8.  10.]

[ 18.  17.  15.  13.  11.   9.   8.   5.   3.   1.]

[ 1.  1.  2.  3.  4.  4.  5.  6.  7.  8.]

[ 13.  12.  10.   9.   8.   6.   5.   4.   3.   1.]

[  1.   2.   3.   4.   5.   6.   7.   9.  10.  10.]

[ 16.  14.  13.  11.   9.   8.   7.   4.   3.   1.]

[ 15.  13.  12.  10.   9.   7.   6.   4.   3.   1.]

[  0.   2.   3.   4.   5.   6.   7.   8.   9.  10.]

[  0.   2.   2.   4.   5.   6.   7.   8.   9.  10.]

[ 10.   9.   8.   7.   6.   5.   4.   3.   2.   1.]

[  0.   2.   3.   4.   5.   6.   7.   8.   9.  10.]

[ 4.  4.  4.  4.  4.  4.  4.  5.  5.  4.]

[ 6.  5.  5.  4.  4.  3.  3.  3.  2.  1.]

[  0.   2.   3.   4.   5.   6.   8.   9.  10.  11.]

[  1.   2.   4.   5.   5.   7.   8.  10.  10.  10.]

[ 2.  2.  3.  3.  4.  5.  5.  6.  7.  7.]

[ 17.  16.  14.  12.  10.   8.   6.   5.   3.   2.]

[  0.   1.   2.   3.   5.   5.   7.   7.   8.  10.]

[ 1.  2.  2.  3.  4.  5.  6.  7.  7.  8.]

[ 3.  3.  4.  4.  4.  4.  4.  5.  5.  5.]

[  0.   1.   2.   3.   5.   6.   7.   7.   9.  10.]

[ 10.   9.   8.   7.   6.   5.   4.   3.   2.   1.]

[ 9.  8.  7.  6.  5.  4.  3.  3.  2.  1.]

[  0.   2.   3.   4.   5.   6.   7.   9.  10.  11.]

[  0.   2.   2.   3.   5.   6.   7.   7.   9.  10.]

[  0.   2.   2.   4.   5.   6.   8.   8.  10.  11.]

[  1.   2.   3.   4.   5.   6.   8.   9.  10.  11.]

[ 4.  4.  4.  3.  4.  3.  3.  3.  3.  3.]

[ 1.  1.  2.  3.  3.  4.  5.  6.  6.  7.]

[ 1.  2.  3.  3.  4.  5.  5.  7.  6.  7.]

[  0.   2.   2.   4.   5.   6.   7.   8.   9.  10.]

[ 10.   9.   8.   7.   6.   5.   4.   3.   2.   1.]

[ 1.  1.  2.  3.  4.  4.  5.  6.  6.  7.]

[ 0.  1.  2.  3.  4.  5.  6.  6.  7.  8.]

[ 8.  7.  6.  6.  5.  4.  3.  3.  2.  1.]

[  0.   2.   2.   4.   5.   6.   7.   8.   9.  11.]

[  1.   2.   4.   5.   6.   8.   9.  10.  11.  12.]

[ 10.   9.   8.   6.   6.   5.   3.   3.   2.   1.]

[ 5.  4.  4.  4.  4.  4.  4.  4.  4.  4.]

[ 1.  1.  2.  3.  4.  5.  6.  7.  7.  8.]

[ 9.  8.  7.  6.  5.  4.  4.  3.  2.  1.]

[ 9.  8.  7.  6.  6.  4.  4.  3.  2.  1.]

[ -0.   1.   2.   3.   5.   5.   7.   7.   8.  10.]

[  1.   2.   3.   4.   5.   6.   8.   9.  10.  11.]

[ 11.   9.   8.   7.   6.   5.   4.   3.   2.   1.]

[ 1.  2.  2.  3.  4.  5.  6.  7.  7.  8.]

[ 5.  5.  4.  4.  4.  3.  2.  2.  2.  2.]

[ 12.  11.   9.   8.   7.   6.   4.   3.   2.   1.]

[ 5.  5.  4.  4.  4.  3.  3.  3.  3.  2.]

[ 9.  8.  7.  6.  5.  4.  4.  3.  2.  1.]

[  1.   3.   4.   5.   6.   7.   8.  10.  11.  11.]

[  1.   2.   3.   4.   5.   7.   8.   9.  10.  11.]

[-0.  1.  2.  3.  4.  5.  6.  6.  8.  9.]

[  1.   2.   3.   4.   5.   6.   7.   9.  10.  10.]

[ 4.  4.  4.  4.  4.  4.  4.  5.  4.  4.]

[  0.   2.   2.   4.   5.   6.   7.   8.   9.  10.]

[  1.   2.   3.   4.   5.   7.   8.   9.  10.  11.]

[ 1.  2.  2.  3.  4.  5.  6.  7.  8.  8.]

[  0.   1.   2.   3.   5.   5.   7.   7.   8.  10.]

[  1.   2.   4.   5.   6.   7.   9.  10.  11.  12.]

[ 8.  7.  6.  5.  5.  4.  3.  2.  2.  1.]

[-0.  1.  2.  3.  4.  5.  6.  7.  8.  9.]

[ 2.  2.  3.  3.  4.  4.  4.  5.  5.  5.]

[  1.   2.   3.   4.   5.   7.   8.   9.  10.  10.]

[  1.   2.   4.   5.   6.   7.   8.  10.  10.  11.]

[ 15.  14.  12.  11.   9.   7.   6.   4.   3.   1.]

[ 1.  2.  3.  3.  4.  5.  6.  7.  7.  8.]

[ 9.  9.  7.  6.  6.  5.  4.  3.  2.  1.]

[ 4.  4.  4.  3.  4.  3.  3.  3.  3.  4.]

[  0.   2.   3.   4.   5.   7.   8.   9.  10.  11.]

[ 8.  7.  7.  6.  5.  4.  3.  2.  2.  1.]

[ 1.  1.  2.  3.  4.  4.  5.  6.  7.  7.]

[  0.   2.   3.   4.   5.   6.   7.   8.   9.  10.]

[  0.   2.   3.   4.   5.   6.   7.   8.   9.  10.]

[ 9.  8.  7.  6.  6.  5.  4.  2.  2.  1.]

[ 10.  10.   8.   7.   7.   5.   4.   3.   2.   1.]

[ 9.  8.  7.  6.  5.  4.  4.  3.  2.  1.]

[ 7.  5.  5.  4.  4.  3.  3.  3.  2.  1.]

[ 17.  16.  14.  12.  10.   8.   7.   4.   3.   1.]

[  1.   2.   4.   5.   6.   7.   8.  10.  10.  11.]

[ -0.   2.   2.   4.   5.   6.   8.   8.  10.  11.]

[ 18.  16.  14.  12.  11.   9.   7.   5.   4.   2.]

[ 9.  8.  7.  6.  6.  5.  4.  3.  2.  1.]

[ 12.  10.   9.   8.   7.   6.   5.   3.   2.   1.]

[  0.   2.   2.   4.   5.   6.   7.   8.   9.  10.]

[  0.   2.   2.   4.   5.   6.   7.   8.   9.  10.]

[  0.   2.   3.   4.   5.   6.   8.   9.  10.  11.]

[ 0.  1.  2.  3.  4.  5.  6.  6.  7.  9.]

[  0.   2.   2.   4.   5.   6.   7.   8.   9.  11.]

[ 0.  1.  2.  3.  4.  5.  6.  6.  7.  9.]

[  0.   2.   3.   4.   5.   6.   8.   9.  10.  11.]

[ 10.  10.   8.   7.   7.   5.   4.   3.   2.   1.]

[ 7.  6.  5.  5.  4.  4.  3.  3.  2.  1.]

[  0.   2.   3.   4.   6.   7.   8.   9.  11.  12.]

[ 0.  2.  2.  3.  4.  5.  6.  7.  8.  9.]

[ 8.  8.  6.  5.  5.  4.  3.  2.  2.  1.]

[  1.   2.   4.   5.   6.   7.   8.  10.  11.  11.]

[ 4.  4.  4.  4.  4.  4.  4.  4.  4.  4.]

[ 13.  12.  11.   9.   8.   7.   5.   4.   3.   1.]

[  0.   2.   3.   4.   5.   6.   7.   8.   9.  10.]

[ 0.  1.  2.  3.  4.  5.  6.  6.  7.  8.]

[ 14.  12.  11.  10.   8.   7.   6.   4.   3.   1.]

[ -0.   1.   2.   3.   5.   6.   7.   7.   9.  10.]

[ -0.   1.   2.   3.   5.   5.   7.   7.   8.  10.]

[  1.   2.   3.   4.   5.   6.   7.   9.   9.  10.]

[ 0.  2.  2.  3.  5.  5.  7.  7.  8.  9.]

